1.0 0.99
1.1 0.99
1.2 0.96
1.3 0.97
1.4 0.98
1.5 0.91
1.6 0.97
1.7 0.99
1.8 0.94
1.9 0.97
2.0 0.96
2.1 0.99
2.2 0.95
2.3 0.96
2.4 0.94
2.5 0.9
2.6 0.96
2.7 0.93
2.8 0.95
2.9 0.9
3.0 0.93
3.1 0.89
3.2 0.86
3.3 0.75
3.4 0.65
3.5 0.36
3.6 0.26
3.7 0.13
3.8 0.09
3.9 0.03
4.0 0
4.1 0.01
4.2 0
4.3 0
4.4 0
4.5 0
4.6 0
4.7 0
4.8 0
4.9 0
5.0 0
5.1 0
5.2 0
5.3 0
5.4 0
5.5 0
5.6 0
5.7 0
5.8 0
5.9 0
6.0 0
6.1 0
6.2 0
6.3 0
6.4 0
6.5 0
6.6 0
6.7 0
6.8 0
6.9 0
7.0 0
7.1 0
7.2 0
7.3 0
7.4 0
7.5 0
7.6 0
7.7 0
7.8 0
7.9 0
8.0 0
8.1 0
8.2 0
8.3 0
8.4 0
8.5 0
8.6 0
8.7 0
8.8 0
8.9 0
9.0 0
9.1 0
9.2 0
9.3 0
9.4 0
9.5 0
9.6 0
9.7 0
9.8 0
9.9 0
10.0 0
