1 3.887
1.1 4.4905
1.2 3.969
1.3 4.4095
1.4 3.815
1.5 4.011
1.6 5.7285
1.7 3.984
1.8 3.4115
1.9 4.4635
2 3.8745
2.1 4.0245
2.2 4.646
2.3 4.7095
2.4 4.586
2.5 4.457
2.6 4.251
2.7 4.0935
2.8 4.0735
2.9 4.562
3 5.2495
3.1 4.1585
3.2 3.584
3.3 4.237
3.4 3.1415
3.5 3.2075
3.6 3.457
3.7 2.5725
3.8 1.918
3.9 1.411
4 1.0905
4.1 0.64
4.2 0.813
4.3 0.236
4.4 0.2585
4.5 0.193
4.6 0.143
4.7 0.1555
4.8 0.123
4.9 0.1175
5 0.136
5.1 0.1165
5.2 0.101
5.3 0.097
5.4 0.091
5.5 0.0795
5.6 0.0865
5.7 0.074
5.8 0.073
5.9 0.0715
6 0.068
6.1 0.057
6.2 0.0575
6.3 0.0555
6.4 0.0565
6.5 0.054
6.6 0.0545
6.7 0.0545
6.8 0.05
6.9 0.0495
7 0.0445
7.1 0.046
7.2 0.046
7.3 0.0465
7.4 0.0445
7.5 0.047
7.6 0.0435
7.7 0.044
7.8 0.0435
7.9 0.043
8 0.0435
8.1 0.041
8.2 0.0385
8.3 0.0355
8.4 0.0405
8.5 0.04
8.6 0.0405
8.7 0.0405
8.8 0.0375
8.9 0.041
9 0.039
9.1 0.0375
9.2 0.0375
9.3 0.0385
9.4 0.035
9.5 0.037
9.6 0.0375
9.7 0.035
9.8 0.038
9.9 0.037
10 0.036
