1 3.911
1.1 4.2455
1.2 3.453
1.3 3.925
1.4 3.5515
1.5 3.06
1.6 4.6085
1.7 4.414
1.8 4.031
1.9 3.7315
2 4.105
2.1 4.259
2.2 4.01
2.3 4.76
2.4 4.229
2.5 4.275
2.6 4.5325
2.7 3.73
2.8 4.421
2.9 4.022
3 3.608
3.1 4.6185
3.2 4.584
3.3 4.816
3.4 4.0385
3.5 3.25
3.6 3.3105
3.7 3.0205
3.8 2.635
3.9 1.495
4 1.6065
4.1 0.734
4.2 0.4355
4.3 0.3145
4.4 0.3225
4.5 0.2695
4.6 0.1755
4.7 0.153
4.8 0.129
4.9 0.1115
5 0.1275
5.1 0.122
5.2 0.0985
5.3 0.085
5.4 0.0725
5.5 0.0875
5.6 0.068
5.7 0.074
5.8 0.073
5.9 0.069
6 0.0585
6.1 0.0605
6.2 0.0545
6.3 0.0535
6.4 0.0495
6.5 0.052
6.6 0.0515
6.7 0.0495
6.8 0.0455
6.9 0.0495
7 0.0435
7.1 0.045
7.2 0.0485
7.3 0.044
7.4 0.0435
7.5 0.0425
7.6 0.0435
7.7 0.042
7.8 0.0435
7.9 0.0405
8 0.042
8.1 0.042
8.2 0.038
8.3 0.037
8.4 0.0385
8.5 0.037
8.6 0.0385
8.7 0.0385
8.8 0.0395
8.9 0.0405
9 0.0365
9.1 0.0355
9.2 0.0385
9.3 0.037
9.4 0.0365
9.5 0.0365
9.6 0.035
9.7 0.0355
9.8 0.036
9.9 0.0355
10 0.036
