1.0 4.1156
1.1 4.3139
1.2 4.1215
1.3 3.9337
1.4 3.9266
1.5 3.5821
1.6 4.4513
1.7 4.1979
1.8 3.8912
1.9 4.3939
2.0 4.2032
2.1 4.1017
2.2 4.0568
2.3 4.5091
2.4 4.4621
2.5 4.6799
2.6 4.2534
2.7 4.4562
2.8 4.3943
2.9 4.216
3.0 4.7295
3.1 4.4265
3.2 4.3754
3.3 4.1564
3.4 3.6857
3.5 3.4579
3.6 3.1776
3.7 2.6794
3.8 2.0301
3.9 1.5306
4.0 1.1986
4.1 0.8726
4.2 0.5982
4.3 0.4066
4.4 0.2504
4.5 0.2166
4.6 0.1729
4.7 0.1506
4.8 0.1352
4.9 0.1164
5.0 0.1238
5.1 0.1102
5.2 0.099
5.3 0.0896
5.4 0.0832
5.5 0.0804
5.6 0.0768
5.7 0.0703
5.8 0.0713
5.9 0.0679
6.0 0.0617
6.1 0.0599
6.2 0.0581
6.3 0.0568
6.4 0.0537
6.5 0.0547
6.6 0.0533
6.7 0.0518
6.8 0.0476
6.9 0.0492
7.0 0.0468
7.1 0.0463
7.2 0.0461
7.3 0.0446
7.4 0.0446
7.5 0.0435
7.6 0.0433
7.7 0.042
7.8 0.0412
7.9 0.042
8.0 0.0421
8.1 0.0408
8.2 0.0395
8.3 0.0381
8.4 0.0392
8.5 0.0396
8.6 0.0389
8.7 0.0394
8.8 0.0383
8.9 0.0398
9.0 0.0376
9.1 0.0381
9.2 0.0373
9.3 0.0367
9.4 0.0363
9.5 0.0372
9.6 0.0364
9.7 0.0359
9.8 0.0365
9.9 0.0361
10.0 0.0354
