1 7.3375
1.1 9.554
1.2 7.989
1.3 6.708
1.4 5.714
1.5 6.703
1.6 5.6335
1.7 4.133
1.8 4.013
1.9 3.1235
2 3.091
2.1 3.1295
2.2 2.811
2.3 1.7815
2.4 1.793
2.5 1.2305
2.6 1.335
2.7 1.259
2.8 0.8115
2.9 0.6175
3 0.458
3.1 0.543
3.2 0.322
3.3 0.2405
3.4 0.307
3.5 0.1495
3.6 0.152
3.7 0.1475
3.8 0.0755
3.9 0.0615
4 0.057
4.1 0.0475
4.2 0.0415
4.3 0.0245
4.4 0.03
4.5 0.018
4.6 0.0305
4.7 0.014
4.8 0.0165
4.9 0.0145
5 0.0135
5.1 0.011
5.2 0.011
5.3 0.01
5.4 0.01
5.5 0.01
5.6 0.01
5.7 0.01
5.8 0.01
5.9 0.0105
6 0.011
6.1 0.01
6.2 0.009
6.3 0.0095
6.4 0.01
6.5 0.01
6.6 0.0095
6.7 0.01
6.8 0.0095
6.9 0.01
7 0.01
7.1 0.01
7.2 0.0095
7.3 0.0105
7.4 0.0085
7.5 0.01
7.6 0.009
7.7 0.0095
7.8 0.008
7.9 0.01
8 0.0105
8.1 0.01
8.2 0.0105
8.3 0.01
8.4 0.01
8.5 0.01
8.6 0.01
8.7 0.0105
8.8 0.0105
8.9 0.0105
9 0.0095
9.1 0.0105
9.2 0.01
9.3 0.01
9.4 0.01
9.5 0.01
9.6 0.01
9.7 0.01
9.8 0.0105
9.9 0.01
10 0.0105
