1.0 7.7717
1.1 7.621
1.2 6.93
1.3 7.6778
1.4 5.4146
1.5 5.8289
1.6 5.6449
1.7 4.2297
1.8 3.6519
1.9 3.396
2.0 3.204
2.1 2.7572
2.2 2.4443
2.3 1.8656
2.4 1.8278
2.5 1.1952
2.6 1.4101
2.7 1.0631
2.8 0.8314
2.9 0.6865
3.0 0.5054
3.1 0.4346
3.2 0.3227
3.3 0.3088
3.4 0.1898
3.5 0.1619
3.6 0.1228
3.7 0.1173
3.8 0.0829
3.9 0.0634
4.0 0.0504
4.1 0.0401
4.2 0.0398
4.3 0.0294
4.4 0.0237
4.5 0.0185
4.6 0.02
4.7 0.0174
4.8 0.0149
4.9 0.0128
5.0 0.0135
5.1 0.0141
5.2 0.0122
5.3 0.0103
5.4 0.0103
5.5 0.0103
5.6 0.0101
5.7 0.0094
5.8 0.0094
5.9 0.0099
6.0 0.0104
6.1 0.01
6.2 0.0099
6.3 0.0098
6.4 0.0102
6.5 0.0102
6.6 0.0101
6.7 0.0098
6.8 0.0096
6.9 0.0101
7.0 0.0102
7.1 0.01
7.2 0.0097
7.3 0.0103
7.4 0.0098
7.5 0.0102
7.6 0.0102
7.7 0.0099
7.8 0.0097
7.9 0.0097
8.0 0.0102
8.1 0.0093
8.2 0.01
8.3 0.0102
8.4 0.0102
8.5 0.0097
8.6 0.0098
8.7 0.01
8.8 0.0105
8.9 0.0102
9.0 0.0103
9.1 0.0101
9.2 0.0103
9.3 0.0104
9.4 0.0102
9.5 0.0101
9.6 0.0104
9.7 0.0104
9.8 0.0104
9.9 0.0102
10.0 0.0107
