1 7.5
1.1 8.15
1.2 6.0425
1.3 9.3655
1.4 4.482
1.5 4.724
1.6 4.539
1.7 3.556
1.8 3.697
1.9 4.6345
2 2.771
2.1 2.2785
2.2 2.658
2.3 1.1885
2.4 1.4265
2.5 1.1875
2.6 1.726
2.7 0.8395
2.8 0.921
2.9 0.7385
3 0.4345
3.1 0.267
3.2 0.295
3.3 0.557
3.4 0.1
3.5 0.1525
3.6 0.1445
3.7 0.071
3.8 0.118
3.9 0.0515
4 0.0315
4.1 0.042
4.2 0.0215
4.3 0.032
4.4 0.019
4.5 0.018
4.6 0.013
4.7 0.0145
4.8 0.0185
4.9 0.0135
5 0.012
5.1 0.0115
5.2 0.0115
5.3 0.01
5.4 0.011
5.5 0.011
5.6 0.01
5.7 0.01
5.8 0.01
5.9 0.01
6 0.011
6.1 0.01
6.2 0.01
6.3 0.01
6.4 0.0095
6.5 0.0105
6.6 0.01
6.7 0.01
6.8 0.0095
6.9 0.0105
7 0.01
7.1 0.0105
7.2 0.0095
7.3 0.01
7.4 0.0105
7.5 0.01
7.6 0.0105
7.7 0.0105
7.8 0.01
7.9 0.009
8 0.0105
8.1 0.008
8.2 0.0095
8.3 0.0105
8.4 0.0105
8.5 0.0095
8.6 0.01
8.7 0.01
8.8 0.011
8.9 0.0105
9 0.0105
9.1 0.01
9.2 0.01
9.3 0.0095
9.4 0.0105
9.5 0.01
9.6 0.0105
9.7 0.011
9.8 0.011
9.9 0.0105
10 0.01
