1 0.0384
1.1 0.0386
1.2 0.0391
1.3 0.0392
1.4 0.0392
1.5 0.0405
1.6 0.0402
1.7 0.0407
1.8 0.0412
1.9 0.0434
2 0.0423
2.1 0.0427
2.2 0.043
2.3 0.0468
2.4 0.049
2.5 0.0459
2.6 0.0465
2.7 0.0475
2.8 0.0494
2.9 0.0529
3 0.0573
3.1 0.0557
3.2 0.0603
3.3 0.0648
3.4 0.0697
3.5 0.0715
3.6 0.0775
3.7 0.0747
3.8 0.0752
3.9 0.0729
4 0.0732
4.1 0.0703
4.2 0.0705
4.3 0.0663
4.4 0.0691
4.5 0.0675
4.6 0.0623
4.7 0.061
4.8 0.0587
4.9 0.0603
5 0.0595
5.1 0.0595
5.2 0.0596
5.3 0.0594
5.4 0.0591
5.5 0.059
5.6 0.059
5.7 0.0589
5.8 0.0599
5.9 0.0604
6 0.0596
6.1 0.06
6.2 0.0603
6.3 0.0611
6.4 0.0609
6.5 0.061
6.6 0.0613
6.7 0.0637
6.8 0.0644
6.9 0.062
7 0.0623
7.1 0.0626
7.2 0.0628
7.3 0.0626
7.4 0.0626
7.5 0.0649
7.6 0.0632
7.7 0.0637
7.8 0.0641
7.9 0.0645
8 0.0644
8.1 0.0644
8.2 0.0646
8.3 0.0651
8.4 0.0649
8.5 0.066
8.6 0.0654
8.7 0.0653
8.8 0.0668
8.9 0.0668
9 0.0677
9.1 0.0672
9.2 0.0678
9.3 0.0666
9.4 0.0678
9.5 0.0682
9.6 0.0682
9.7 0.0689
9.8 0.069
9.9 0.0688
10 0.0697
