1 0.068
1.1 0.067
1.2 0.068
1.3 0.061
1.4 0.066
1.5 0.046
1.6 0.059
1.7 0.065
1.8 0.067
1.9 0.057
2 0.056
2.1 0.054
2.2 0.047
2.3 0.048
2.4 0.043
2.5 0.034
2.6 0.049
2.7 0.03
2.8 0.042
2.9 0.036
3 0.03
3.1 0.031
3.2 0.037
3.3 0.027
3.4 0.024
3.5 0.017
3.6 0.02
3.7 0.021
3.8 0.019
3.9 0.016
4 0.021
4.1 0.015
4.2 0.013
4.3 0.01
4.4 0.01
4.5 0.008
4.6 0.01
4.7 0.01
4.8 0.007
4.9 0.008
5 0.01
5.1 0.008
5.2 0.007
5.3 0.01
5.4 0.005
5.5 0.006
5.6 0.007
5.7 0.006
5.8 0.007
5.9 0.007
6 0.006
6.1 0.006
6.2 0.005
6.3 0.007
6.4 0.006
6.5 0.007
6.6 0.005
6.7 0.006
6.8 0.004
6.9 0.005
7 0.005
7.1 0.005
7.2 0.005
7.3 0.005
7.4 0.006
7.5 0.006
7.6 0.006
7.7 0.006
7.8 0.005
7.9 0.005
8 0.007
8.1 0.006
8.2 0.006
8.3 0.006
8.4 0.006
8.5 0.005
8.6 0.006
8.7 0.005
8.8 0.006
8.9 0.005
9 0.006
9.1 0.006
9.2 0.006
9.3 0.006
9.4 0.006
9.5 0.005
9.6 0.006
9.7 0.007
9.8 0.005
9.9 0.005
10 0.007
