1 9.2615
1.1 6.754
1.2 6.67
1.3 8.3765
1.4 5.045
1.5 6.6665
1.6 5.8585
1.7 5.582
1.8 3.9685
1.9 3.806
2 4.321
2.1 3.001
2.2 2.5085
2.3 1.819
2.4 2.143
2.5 1.389
2.6 1.5325
2.7 1.078
2.8 0.558
2.9 0.4865
3 0.635
3.1 0.4365
3.2 0.3075
3.3 0.1965
3.4 0.116
3.5 0.1815
3.6 0.096
3.7 0.1445
3.8 0.0715
3.9 0.06
4 0.039
4.1 0.0315
4.2 0.0615
4.3 0.0285
4.4 0.0225
4.5 0.0175
4.6 0.0155
4.7 0.019
4.8 0.013
4.9 0.011
5 0.013
5.1 0.026
5.2 0.0105
5.3 0.0085
5.4 0.01
5.5 0.01
5.6 0.009
5.7 0.0075
5.8 0.01
5.9 0.01
6 0.011
6.1 0.01
6.2 0.01
6.3 0.01
6.4 0.011
6.5 0.0105
6.6 0.011
6.7 0.01
6.8 0.0085
6.9 0.01
7 0.01
7.1 0.01
7.2 0.0095
7.3 0.01
7.4 0.0105
7.5 0.01
7.6 0.0105
7.7 0.01
7.8 0.0105
7.9 0.01
8 0.0105
8.1 0.009
8.2 0.01
8.3 0.01
8.4 0.0105
8.5 0.01
8.6 0.01
8.7 0.0095
8.8 0.01
8.9 0.01
9 0.0105
9.1 0.01
9.2 0.01
9.3 0.01
9.4 0.01
9.5 0.0095
9.6 0.0095
9.7 0.0105
9.8 0.01
9.9 0.0095
10 0.0105
