1 4.522
1.1 4.5705
1.2 3.895
1.3 3.884
1.4 4.188
1.5 3.4555
1.6 4.222
1.7 3.9885
1.8 3.893
1.9 4.941
2 4.0895
2.1 4.4875
2.2 4.1825
2.3 4.3115
2.4 5.011
2.5 4.6575
2.6 4.917
2.7 4.816
2.8 4.2985
2.9 4.746
3 5.138
3.1 4.375
3.2 3.8075
3.3 3.937
3.4 3.156
3.5 3.4375
3.6 3.612
3.7 2.713
3.8 1.7095
3.9 1.762
4 1.2645
4.1 0.683
4.2 0.423
4.3 0.274
4.4 0.1975
4.5 0.1905
4.6 0.1635
4.7 0.123
4.8 0.1385
4.9 0.122
5 0.1315
5.1 0.125
5.2 0.1065
5.3 0.0835
5.4 0.0825
5.5 0.081
5.6 0.079
5.7 0.059
5.8 0.062
5.9 0.0595
6 0.058
6.1 0.0635
6.2 0.056
6.3 0.0565
6.4 0.053
6.5 0.056
6.6 0.0525
6.7 0.056
6.8 0.047
6.9 0.049
7 0.0505
7.1 0.049
7.2 0.0435
7.3 0.0455
7.4 0.043
7.5 0.04
7.6 0.042
7.7 0.04
7.8 0.0405
7.9 0.0445
8 0.04
8.1 0.0395
8.2 0.041
8.3 0.0405
8.4 0.039
8.5 0.0395
8.6 0.037
8.7 0.039
8.8 0.039
8.9 0.041
9 0.039
9.1 0.04
9.2 0.037
9.3 0.0355
9.4 0.037
9.5 0.0385
9.6 0.0365
9.7 0.0365
9.8 0.037
9.9 0.038
10 0.0355
