1 4.0895
1.1 3.973
1.2 4.3325
1.3 3.3585
1.4 3.756
1.5 3.602
1.6 3.5475
1.7 4.457
1.8 3.8565
1.9 4.3075
2 3.94
2.1 3.9475
2.2 3.7325
2.3 3.7495
2.4 4.5515
2.5 5.0305
2.6 3.974
2.7 4.508
2.8 4.584
2.9 4.248
3 3.8215
3.1 4.689
3.2 4.309
3.3 4.1875
3.4 3.82
3.5 3.2185
3.6 2.6005
3.7 2.449
3.8 1.9065
3.9 1.7955
4 1.431
4.1 1.1525
4.2 0.7275
4.3 0.6375
4.4 0.244
4.5 0.2085
4.6 0.177
4.7 0.147
4.8 0.126
4.9 0.104
5 0.1115
5.1 0.098
5.2 0.0895
5.3 0.0915
5.4 0.086
5.5 0.081
5.6 0.074
5.7 0.07
5.8 0.0705
5.9 0.0675
6 0.0595
6.1 0.0585
6.2 0.0625
6.3 0.061
6.4 0.0525
6.5 0.0515
6.6 0.055
6.7 0.0505
6.8 0.045
6.9 0.053
7 0.0475
7.1 0.0465
7.2 0.046
7.3 0.0415
7.4 0.047
7.5 0.0445
7.6 0.0435
7.7 0.0425
7.8 0.037
7.9 0.0415
8 0.044
8.1 0.04
8.2 0.0395
8.3 0.038
8.4 0.0385
8.5 0.04
8.6 0.039
8.7 0.0395
8.8 0.037
8.9 0.038
9 0.036
9.1 0.0385
9.2 0.0365
9.3 0.035
9.4 0.0375
9.5 0.036
9.6 0.0345
9.7 0.037
9.8 0.035
9.9 0.037
10 0.0355
