1 4.1685
1.1 4.29
1.2 4.958
1.3 4.0915
1.4 4.3225
1.5 3.782
1.6 4.15
1.7 4.146
1.8 4.264
1.9 4.526
2 5.007
2.1 3.79
2.2 3.713
2.3 5.015
2.4 3.933
2.5 4.9795
2.6 3.5925
2.7 5.1335
2.8 4.5945
2.9 3.502
3 5.8305
3.1 4.2915
3.2 5.5925
3.3 3.6045
3.4 4.2725
3.5 4.176
3.6 2.908
3.7 2.642
3.8 1.9815
3.9 1.1895
4 0.6005
4.1 1.1535
4.2 0.592
4.3 0.571
4.4 0.2295
4.5 0.2215
4.6 0.2055
4.7 0.1745
4.8 0.1595
4.9 0.127
5 0.1125
5.1 0.0895
5.2 0.0995
5.3 0.091
5.4 0.084
5.5 0.073
5.6 0.0765
5.7 0.0745
5.8 0.078
5.9 0.072
6 0.0645
6.1 0.06
6.2 0.06
6.3 0.0575
6.4 0.057
6.5 0.06
6.6 0.053
6.7 0.0485
6.8 0.0505
6.9 0.045
7 0.048
7.1 0.045
7.2 0.0465
7.3 0.0455
7.4 0.045
7.5 0.0435
7.6 0.044
7.7 0.0415
7.8 0.0415
7.9 0.0405
8 0.041
8.1 0.0415
8.2 0.0405
8.3 0.0395
8.4 0.0395
8.5 0.0415
8.6 0.0395
8.7 0.0395
8.8 0.0385
8.9 0.0385
9 0.0375
9.1 0.039
9.2 0.037
9.3 0.0375
9.4 0.0355
9.5 0.038
9.6 0.0385
9.7 0.0355
9.8 0.0365
9.9 0.033
10 0.034
