1 8.6115
1.1 8.0185
1.2 6.671
1.3 6.197
1.4 6.267
1.5 5.1015
1.6 5.9385
1.7 3.217
1.8 3.635
1.9 2.3685
2 2.9615
2.1 3.0465
2.2 1.999
2.3 2.4135
2.4 2.195
2.5 1.1315
2.6 1.3735
2.7 1.1105
2.8 0.878
2.9 0.8985
3 0.507
3.1 0.468
3.2 0.253
3.3 0.256
3.4 0.2315
3.5 0.135
3.6 0.1005
3.7 0.146
3.8 0.0575
3.9 0.0625
4 0.058
4.1 0.036
4.2 0.0295
4.3 0.031
4.4 0.0255
4.5 0.0205
4.6 0.022
4.7 0.0215
4.8 0.014
4.9 0.0155
5 0.017
5.1 0.011
5.2 0.0165
5.3 0.0105
5.4 0.011
5.5 0.0105
5.6 0.011
5.7 0.01
5.8 0.0065
5.9 0.01
6 0.009
6.1 0.0095
6.2 0.01
6.3 0.01
6.4 0.0105
6.5 0.0095
6.6 0.01
6.7 0.0085
6.8 0.0105
6.9 0.01
7 0.01
7.1 0.0095
7.2 0.01
7.3 0.0105
7.4 0.01
7.5 0.0105
7.6 0.0105
7.7 0.01
7.8 0.01
7.9 0.0095
8 0.0105
8.1 0.0095
8.2 0.01
8.3 0.0105
8.4 0.01
8.5 0.009
8.6 0.0095
8.7 0.0095
8.8 0.01
8.9 0.01
9 0.0105
9.1 0.01
9.2 0.01
9.3 0.011
9.4 0.0105
9.5 0.0105
9.6 0.011
9.7 0.0105
9.8 0.01
9.9 0.0105
10 0.011
