1 0.0782
1.1 0.0811
1.2 0.0797
1.3 0.083
1.4 0.0815
1.5 0.0848
1.6 0.0811
1.7 0.0851
1.8 0.0864
1.9 0.0792
2 0.0827
2.1 0.0864
2.2 0.0828
2.3 0.0794
2.4 0.0897
2.5 0.0865
2.6 0.08
2.7 0.0862
2.8 0.0875
2.9 0.0845
3 0.0868
3.1 0.0835
3.2 0.0736
3.3 0.076
3.4 0.0754
3.5 0.0703
3.6 0.0627
3.7 0.0544
3.8 0.0476
3.9 0.0453
4 0.0422
4.1 0.0376
4.2 0.0331
4.3 0.0294
4.4 0.0245
4.5 0.0244
4.6 0.0194
4.7 0.0185
4.8 0.0163
4.9 0.0182
5 0.0145
5.1 0.0148
5.2 0.0149
5.3 0.0139
5.4 0.0129
5.5 0.0141
5.6 0.014
5.7 0.0136
5.8 0.0136
5.9 0.0135
6 0.0132
6.1 0.0131
6.2 0.0133
6.3 0.0135
6.4 0.0134
6.5 0.0134
6.6 0.0129
6.7 0.013
6.8 0.0128
6.9 0.0133
7 0.0137
7.1 0.0132
7.2 0.0132
7.3 0.0131
7.4 0.0127
7.5 0.0133
7.6 0.0129
7.7 0.0129
7.8 0.0135
7.9 0.0134
8 0.0133
8.1 0.0123
8.2 0.0128
8.3 0.0127
8.4 0.0132
8.5 0.0128
8.6 0.0131
8.7 0.013
8.8 0.0129
8.9 0.0129
9 0.0133
9.1 0.0132
9.2 0.0131
9.3 0.0132
9.4 0.0131
9.5 0.0134
9.6 0.0133
9.7 0.0133
9.8 0.013
9.9 0.0133
10 0.0137
